arm             mean BA     Δ vs V
----------------------------------
V                0.4395    +0.0000
K                0.4619    +0.0224
gate             0.4591    +0.0196
gate_oracle      0.4733    +0.0338

port                     V       K         ĝ   w true gain
Fujairah             0.340   0.481   +0.0269   1    +0.141
Antwerp-Bruges       0.557   0.652   +0.0526   1    +0.095
Ningbo-Zhoushan      0.569   0.647   -0.0830   0    +0.078
Newcastle            0.388   0.461   +0.0392   1    +0.073
Rotterdam            0.581   0.653   +0.0536   1    +0.072
Callao               0.281   0.344   +0.0052   1    +0.063
Melbourne            0.543   0.601   +0.0103   1    +0.058
Hamburg              0.625   0.677   +0.0508   1    +0.052
Shanghai             0.605   0.655   +0.0326   1    +0.050
New York             0.432   0.474   +0.0074   1    +0.043
Mombasa              0.562   0.593   -0.0062   0    +0.031
Port Said            0.345   0.372   +0.0384   1    +0.028
Qingdao              0.752   0.767   +0.0371   1    +0.015
Tanger Med           0.387   0.400   +0.0397   1    +0.012
Richards Bay         0.339   0.338   +0.0313   1    -0.001
Sydney Botany        0.418   0.417   +0.0261   1    -0.001
Jebel Ali            0.381   0.374   -0.1156   0    -0.007
Los Angeles          0.364   0.357   -0.0263   0    -0.007
Port Klang           0.358   0.340   +0.0429   1    -0.019
Houston              0.327   0.299   -0.0264   0    -0.028
Santos               0.390   0.360   +0.0436   1    -0.030
Port Hedland         0.174   0.136   +0.0473   1    -0.038
Busan                0.470   0.409   +0.0359   1    -0.061
Singapore            0.360   0.277   +0.1112   1    -0.083

方向判对 15/24
ĝ 与真实增益的相关系数: -0.138
